100
372372
-775969
-420800
-230304
142701
419346
847874
391435
464955
832022
398404
-398355
-812586
-882498
130807
701580
88611
858106
271034
-252836
-80330
256330
682400
-66842
-570020
-100659
-374016
315414
241069
-130328
745929
167694
329561
-95431
-558541
-699611
576109
-736046
502230
6382
-842677
255179
-594716
617085
178614
-175448
-140289
149486
-741741
-673598
580130
59745
371606
353774
556344
-532518
507392
-896127
-374929
413740
519076
162037
358332
-15257
330168
635993
102794
-212030
-697547
864582
743984
653408
202753
613018
846218
829168
328424
739609
-880680
-49404
-408454
781132
-15195
92904
18230
-408872
75002
-224056
674992
835173
-228607
657461
-359440
639862
265962
-491998
147687
421914
-363938
-661640
